102
502
101
508
409
300
301
426
431
425
200
508
303
508
417
415
300
504
207
414
301
502
510
401
308
424
304
301
505
423
501
411
502
404
510
415
304
428
502
510
405
300
207
226
204
308
207
503
103
204
507
428
408
400
414
504
504
203
301
202
303
502
405
413
423
208
103
402
403
507
451
505
422
204
414
510
305
102
308
423
304
428
202
506
208
411
405
415
501
506
226
302
501
226
307
200
202
204
431
405
200
408
428
506
504
418
103
418
505
507
202
102
507
410
412
507
208
300
301
502
417
502
511
404
412
506
205
406
226
410
207
303
510
304
301
303
426
508
422
204
202
501
207
511
407
506
416
417
301
202
505
409
204
412
400
428
206
413
506
501
301
301
205
226
401
425
208
504
405
429
226
502
510
431
204
409
451
300
404
507
501
200
424
418
301
204
300
401
100
507
416
100
416
431
507
206
451
501
301
304
415
400
305
304
431
502
403
208
207
414
501
201
101
305
500
500
411
505
506
208
100
415
208
301
102
501
423
302
501
418
207
207
503
507
300
409
413
451
501
103
101
429
502
300
416
501
511
504
413
202
504
202
505
408
300
425
304
508
207
502
424
406
102
204
425
422
423
406
408
402
501
500
500
308
307
404
407
100
414
508
423
206
208
206
308
508
428
451
400
412
414
307
404
407
401
304
424
406
507
500
410
100
414
508
207
418
505
408
506
303
404
101
503
503
501
200
204
413
507
101
410
304
501
425
451
304
508
405
503
100
426
304
426
204
305
203
414
305
416
421
429
402
202
451
102
202
302
201
302
504
501
416
416
200
402
101
208
303
404
400
503
511
208
308
412
423
208
410
508
510
207
503
411
401
201
504
304
500
206
506
403
508
200
428
505
208
431
402
100
418
301
510
429
409
402
307
425
429
429
451
508
425
102
205
505
204
304
500
402
409
206
417
307
510
204
504
425
431
413
431
101
418
207
100
504
401
406
421
416
414
416
416
426
501
511
206
304
400
204
415
407
203
418
403
406
505
409
202
100
101
413
510
422
412
202
202
510
501
103
511
302
300
205
504
201
416
101
415
403
413
404
503
304
302
403
204
428
403
421
403
207
412
101
507
510
418
100
423
207
207
429
204
303
502
201
403
301
206
410
421
418
203
100
504
417
226
451
500
303
501
508
407
423
100
304
510
417
304
403
307
203
412
505
401
424
204
300
414
414
507
422
300
414
401
417
405
303
508
405
226
503
428
451
414
422
412
402
208
307
406
404
510
406
200
425
201
102
208
508
207
502
400
510
503
407
207
208
418
428
423
301
503
415
405
300
426
422
407
423
505
411
505
503
200
503
301
208
403
426
507
201
206
428
404
202
502
425
404
505
200
511
505
418
511
408
414
305
204
507
423
500
415
422
405
431
416
511
425
511
203
426
206
414
400
300
412
511
505
508
400
418
205
402
301
501
403
203
208
400
506
412
226
304
424
303
410
203
300
508
423
100
426
202
308
205
403
204
410
417
300
303
416
503
505
207
407
307
100
411
100
204
431
426
303
417
426
507
408
421
426
429
408
431
308
408
505
226
201
413
200
426
508
100
414
422
200
208
431
508
409
429
208
421
402
207
451
415
418
451
103
203
415
300
202
303
451
504
503
308
205
424
414
206
100
401
504
418
303
506
417
226
424
404
403
305
103
300
200
423
418
226
406
204
102
102
203
402
422
200
504
208
308
451
406
417
401
411
404
203
511
421
206
101
308
408
451
403
202
417
103
200
206
429
402
410
506
308
403
303
300
304
302
401
428
424
406
428
414
205
302
409
413
102
503
428
204
101
403
431
206
206
400
423
103
416
205
423
307
416
431
201
301
401
410
302
305
405
418
202
207
504
502
502
500
203
407
508
409
102
504
102
424
418
103
207
403
205
428
502
507
226
451
100
504
500
410
451
303
302
203
417
504
300
451
451
507
408
502
307
301
423
303
416
428
405
305
410
407
501
418
414
422
303
100
412
226
415
302
302
208
102
207
304
207
505
504
408
308
204
428
300
201
301
429
414
304
414
511
206
416
203
417
425
303
403
500
307
503
402
204
203
505
203
206
415
505
503
426
413
302
503
500
402
406
226
305
409
411
304
207
202
508
401
409
510
425
411
506
431
506
307
501
416
403
103
402
203
206
307
302
501
506
429
100
412
428
412
208
426
422
414
511
423
429
414
405
505
409
425
301
303
415
226
404
508
404
503
102
307
417
410
400
400
510
207
412
206
508
203
503
451
506
431
300
403
300
428
207
206
201
